300
14 2 10
14 3 8
14 4 9
14 5 9
14 7 7
14 8 1
14 10 8
14 11 2
14 13 7
15 0 9
15 1 7
15 3 9
15 5 2
15 6 9
15 7 9
16 0 6
16 7 5
16 8 9
16 9 4
16 10 5
16 11 9
16 14 9
16 15 5
17 3 4
17 4 2
17 5 5
17 10 2
17 11 4
17 12 9
17 14 3
17 15 12
343 173 7
343 176 6
343 177 9
343 178 7
343 179 3
343 180 1
343 181 4
343 182 3
343 184 5
343 185 9
343 187 6
343 188 8
343 190 4
343 191 5
343 192 7
343 193 8
343 194 7
343 195 5
343 197 10
343 200 5
343 201 5
343 202 5
343 204 9
343 205 5
343 208 4
343 209 2
343 210 8
343 211 6
343 212 9
343 213 7
343 215 4
343 218 8
343 219 9
343 220 8
343 221 9
806 270 9
806 300 9
806 320 7
806 330 8
806 340 7
806 350 7
806 380 4
806 390 3
806 410 6
806 430 5
806 440 7
806 450 3
806 460 4
806 490 8
806 510 7
806 520 4
806 530 9
806 540 2
806 550 5
806 560 2
806 590 8
806 610 6
806 620 4
806 630 6
806 640 2
806 650 9
806 670 9
806 680 5
806 710 7
806 730 5
806 750 10
806 760 5
806 770 8
807 200 7
3314 5400 3
780 782 1
2958 2960 6
3021 9422 3
4649 4650 1
5732 7996 10
1252 1253 4
6677 6678 7
3719 3720 2
5639 5775 6
7793 7794 4
3820 3821 7
9936 9938 4
4377 4379 4
2288 2289 9
2383 2385 9
5127 5128 5
810 811 2
952 954 5
8066 8067 10
6687 6688 5
8123 8125 2
876 8201 4
8134 8136 2
2421 2422 10
4580 4581 5
474 476 5
4552 4553 8
4382 8368 5
3790 3792 4
6306 6308 8
7008 9226 9
9759 9761 1
6529 6531 4
2976 2977 7
9244 9245 10
1706 1708 10
6941 6943 1
4934 4936 1
9772 9773 8
9330 9332 5
3103 3401 5
4180 4182 10
30 31 2
5634 5635 3
7847 7849 4
842 843 10
4817 4818 3
4146 4147 9
7641 7642 10
1423 5540 1
3290 3292 8
4018 4020 8
4885 4886 3
5874 5875 6
7096 7098 1
3611 3612 1
9038 9040 6
1804 1805 9
7708 7710 7
3607 3608 2
3545 3546 10
4819 4820 10
3396 3398 2
8601 8602 2
6221 7716 10
1036 1038 2
511 513 10
1662 1664 8
4242 4243 2
322 6248 6
9296 9297 2
7655 7657 7
2746 9289 8
9331 9333 10
1762 1763 4
9062 9064 5
8345 8346 2
4891 4893 2
3316 3317 5
4209 8189 9
6466 6467 6
6847 6849 7
8625 8627 9
1721 1723 10
1263 1265 2
5785 8997 1
3640 3641 3
8546 8548 1
5905 5907 2
1630 1631 6
2327 2328 3
7952 9857 5
4750 4751 5
4053 4055 8
6593 6595 9
1382 1383 3
5153 5154 6
5283 5285 8
1352 1353 7
7946 7948 1
3829 3830 3
760 2402 5
5676 5678 4
6812 6814 1
8254 8255 10
5754 5755 1
4099 4100 9
4764 4765 9
1082 1084 1
7730 7732 2
9449 9451 8
5790 5791 3
2917 2919 3
6175 6176 10
7724 7726 6
4240 4242 1
582 583 7
1642 1644 9
1239 1241 4
4682 4683 1
1579 1581 5
2847 2848 8
6495 6496 4
6084 6086 8
7903 7904 4
6150 6152 5
1625 1626 6
1656 7450 7
7673 7674 5
9835 9836 1
5599 5601 10
6609 6611 6
3720 3722 3
992 1112 6
3175 3176 8
7985 7987 7
5149 5150 2
8306 8308 8
7288 8242 10
3095 3097 5
5865 5867 10
3292 3294 8
6215 6217 5
2351 6007 10
9546 9547 7
9047 9048 4
2935 2937 6
9486 9487 9
8528 8529 3
6043 6045 5
1147 1148 1
2310 2312 2
7340 7341 9
5889 5891 4
8709 8710 8
3533 3534 10
2349 6821 6
8629 8630 10
5286 5288 10
8426 8428 1
6538 6539 7
1308 1678 8
3332 3334 4
8802 8803 10
2300 2301 2
6741 6742 1
4943 4944 9
5823 5824 10
3345 3347 4
2503 2504 3
9328 9330 10
9654 9655 9
4139 4140 8
3779 8812 7
369 8813 1
3741 3743 2
1232 1234 4
1607 2824 9
1571 1573 3
9972 9973 1
7860 7861 7
2719 2721 8
593 594 2
5283 5284 10
8981 8982 10
7443 7445 7
9245 9247 5
4284 4285 10
8181 8183 9
9433 9435 9
4196 4198 1
1751 1752 5
6329 6733 8
4831 4833 4
6804 6805 8
1654 1655 4
1093 1094 6
2467 2469 9
8634 8635 9